2004	44703800
2004	22857200
2004	18274400
2004	15262600
2004	9197800
2004	7102000
2004	6218000
2004	5202000
2004	4922800
2004	9147400
2004	15133800
2004	5157600
2004	5853400
2004	4990600
2004	4065800
2004	8707600
2004	7852000
2004	10839800
2004	10723800
2004	9275600
2004	9482000
2004	10639400
2004	7236000
2004	7588800
2004	8544200
2004	9132600
2004	7073200
2004	16946000
2004	30547000
2004	13771800
2004	15140000
2004	13035800
2004	14988200
2004	13394800
2004	14129200
2004	11080600
2004	10482600
2004	11677200
2004	19786000
2004	10452600
2004	13208000
2004	14050400
2004	18128000
2004	22745400
2004	29179000
2004	73783800
2004	65528400
2004	44614200
2004	26713000
2004	29693600
2004	42325000
2004	24449800
2004	22692600
2004	27777400
2004	28819200
2004	39666200
2004	22383600
2004	22128400
2004	21288000
2004	29971000
2004	33492200
2004	23803000
2004	41834800
2004	36265800
2004	33259200
2004	17538600
2004	24736400
2004	24826600
2004	30562000
2004	12960200
2004	21333200
2004	15400000
2004	15728200
2004	12521800
2004	11738400
2004	12508000
2004	13741800
2004	15083600
2004	15308000
2004	8634400
2004	9637200
2004	22176800
2004	22942000
2004	17145600
2004	14772400
2004	19669000
2004	11032600
2004	7814000
2004	7229200
2004	12208200
2004	8291600
2004	5356200
2004	11808600
2004	15337000
2005	31688400
2005	27511800
2005	16473200
2005	20774200
2005	19325800
2005	15079200
2005	13917400
2005	16355600
2005	13698800
2005	19280600
2005	26345200
2005	22515400
2005	18003200
2005	18516800
2005	28045400
2005	21318400
2005	24615800
2005	13254800
2005	24416400
2005	19193400
2005	37678000
2005	65598600
2005	25976200
2005	29638600
2005	25920800
2005	22960000
2005	34343000
2005	37965400
2005	26232000
2005	77124400
2005	51565600
2005	33064600
2005	20828800
2005	16971800
2005	26967400
2005	31172000
2005	51628600
2005	19947000
2005	15636800
2005	18622400
2005	14571000
2005	15217200
2005	13548200
2005	17334800
2005	16092200
2005	22720800
2005	21921000
2005	16056600
2005	22293200
2005	20844200
2005	14212600
2005	16521200
2005	14180000
2005	14967400
2005	11263400
2005	9690000
2005	7410400
2005	17476000
2005	12946000
2005	12472200
2005	13537200
2005	12364000
2005	16152800
2005	17473400
2005	10505200
2005	19384400
2005	10233200
2005	10821000
2005	14639200
2005	13111600
2005	12305400
2005	23154800
2005	13100600
2005	16860000
2005	30903000
2005	35503800
2005	66410200
2005	39680000
2005	34544000
2005	20529600
2005	17365600
2005	18340400
2005	19534800
2005	35560400
2005	24167000
2005	15019200
2005	13527800
2005	11073600
2005	12691600
2005	22957600
2005	17896400
2005	14831000
2005	11362800
2005	15617800
2005	24624000
2005	19433000
2005	16327000
2005	42776600
2005	58086200
2005	36115800
2005	27093200
2005	24368200
2005	44473600
2005	70383400
2005	35948200
2005	37564600
2005	45051800
2005	48646000
2005	51401800
2005	32882200
2005	25393200
2005	25606400
2005	20183800
2005	41766200
2005	24924800
2005	20868800
2005	42049400
2005	30264600
2005	20948000
2005	28112800
2005	35542400
2005	35605800
2005	38073000
2005	36597400
2005	30188800
2005	18455200
2005	14988000
2005	16000600
2005	21344200
2005	14915200
2005	16780600
2005	11729800
2005	22875800
2005	21335400
2005	16876800
2005	12415600
2005	25242800
2005	28620800
2005	39578800
2005	46773600
2005	19317600
2005	19633800
2005	14435800
2005	11851200
2005	16726600
2005	11324800
2005	14580400
2005	11861200
2005	10473000
2005	11879400
2005	8963600
2005	11558600
2005	13758000
2005	15029800
2005	13171800
2005	16349400
2005	14218400
2005	7766600
2005	23745600
2005	11085800
2005	13626000
2005	11643400
2005	17186200
2005	8753200
2005	7510600
2005	11806000
2005	9584000
2005	10068000
2005	5484200
2005	6869000
2005	8424600
2005	14999000
2005	13226600
2005	8781000
2005	20773000
2005	20599800
2005	22551600
2005	30932400
2005	15159600
2005	11523800
2005	18702000
2005	20239400
2005	26012800
2005	16967600
2005	19788800
2005	13746200
2005	15994800
2005	11227600
2005	18302600
2005	18320600
2005	18288600
2005	16656800
2005	15987600
2005	13540600
2005	11144400
2005	17085200
2005	18612400
2005	21135400
2005	17038200
2005	15133400
2005	14155600
2005	14021400
2005	27823400
2005	45784800
2005	18863400
2005	13756600
2005	17815000
2005	10268800
2005	11807000
2005	28685800
2005	32712200
2005	21130800
2005	14896800
2005	17649800
2005	19183000
2005	15795000
2005	20933800
2005	18257400
2005	14127800
2005	15615800
2005	17249800
2005	17390400
2005	18424400
2005	14051400
2005	20670200
2005	19192000
2005	20170000
2005	9680200
2005	22016800
2005	42991600
2005	31193200
2005	19489800
2005	15087000
2005	20578800
2005	30229400
2005	23331800
2005	17820200
2005	15286800
2005	13900200
2005	16314000
2005	13260800
2005	12091600
2005	32661000
2005	43873600
2005	20169400
2005	22443800
2005	15093200
2005	9190200
2005	13405600
2005	14235800
2005	13891600
2005	15174200
2006	26242400
2006	30572800
2006	21616600
2006	35513800
2006	25583800
2006	18194200
2006	18014800
2006	20250600
2006	15313200
2006	16540600
2006	40971400
2006	29074600
2006	82233400
2006	45482800
2006	30929200
2006	37479600
2006	25852200
2006	16904400
2006	17177800
2006	44132000
2006	54245000
2006	23615400
2006	36563600
2006	17880800
2006	33260400
2006	41608200
2006	23824800
2006	30447000
2006	39435600
2006	29308000
2006	25894000
2006	42631000
2006	28640400
2006	17372000
2006	12952400
2006	25103200
2006	12968600
2006	20424400
2006	78875200
2006	24122400
2006	36660600
2006	23924000
2006	17879400
2006	20757600
2006	23491200
2006	27820800
2006	38651200
2006	27284800
2006	36901400
2006	25537600
2006	20033400
2006	17103400
2006	20815200
2006	19662200
2006	15192000
2006	14869400
2006	30361200
2006	14047400
2006	17891600
2006	38055000
2006	29423400
2006	73042800
2006	16245400
2006	31431400
2006	26821000
2006	17197000
2006	14051800
2006	18640200
2006	22214400
2006	12034000
2006	13105800
2006	16519000
2006	16275200
2006	13563400
2006	24543000
2006	45102600
2006	17672800
2006	19138000
2006	14555600
2006	16675800
2006	14842600
2006	20722400
2006	26208600
2006	16144400
2006	9304000
2006	12130000
2006	10237200
2006	18281200
2006	12374400
2006	17785600
2006	20175200
2006	17180200
2006	12982200
2006	21287600
2006	11670000
2006	22796400
2006	17208800
2006	17966000
2006	19107600
2006	16389200
2006	7334000
2006	8632000
2006	15962600
2006	12556000
2006	12772800
2006	11117000
2006	20519600
2006	17822600
2006	20719000
2006	12315000
2006	10038200
2006	15318200
2006	15544000
2006	13571400
2006	10609200
2006	15266200
2006	8079800
2006	17488800
2006	11823800
2006	10629600
2006	7102400
2006	8214200
2006	7421000
2006	13316400
2006	12516000
2006	4313400
2006	9971200
2006	7374200
2006	12083800
2006	8872800
2006	11942600
2006	9813400
2006	13849000
2006	15104200
2006	11623800
2006	17073600
2006	17037000
2006	25077400
2006	23509200
2006	16172200
2006	11522200
2006	11063800
2006	11282200
2006	8167200
2006	9190600
2006	10926400
2006	14195600
2006	12654000
2006	10190400
2006	7893800
2006	11486400
2006	8622000
2006	8523800
2006	7533000
2006	9936600
2006	13396400
2006	11706400
2006	10160400
2006	9904400
2006	8046600
2006	8328200
2006	7284600
2006	6965000
2006	4933400
2006	8328000
2006	8920000
2006	8088800
2006	5919800
2006	5345800
2006	8148600
2006	7448200
2006	7684000
2006	6166800
2006	9058400
2006	10884400
2006	19536400
2006	10732200
2006	15676400
2006	14213400
2006	28585800
2006	18295600
2006	21384200
2006	9299200
2006	11474600
2006	10578800
2006	11753400
2006	10214800
2006	6621800
2006	7303800
2006	10929400
2006	13323600
2006	11579600
2006	14673000
2006	15166600
2006	19577200
2006	11270800
2006	9688000
2006	7245000
2006	8638800
2006	10422000
2006	12034600
2006	23007000
2006	23295800
2006	30209000
2006	17320400
2006	18375000
2006	14063400
2006	13208000
2006	13126200
2006	12570800
2006	10852600
2006	10473400
2006	9815400
2006	9983000
2006	9794200
2006	15930000
2006	9758400
2006	5593400
2006	8683800
2006	14446800
2006	16741400
2006	10185200
2006	11022000
2006	10249000
2006	16855000
2006	9001400
2006	3465400
2006	14649400
2006	15595200
2006	12630600
2006	11155000
2006	11262800
2006	9799800
2006	8206000
2006	8900600
2006	9328600
2006	7949800
2006	6526800
2006	8362000
2006	9324200
2006	9497800
2006	10381600
2006	16033200
2006	13174000
2006	8735600
2006	13906600
2006	7976600
2006	4148600
2006	8463000
2006	6232400
2006	5118400
2007	15413000
2007	15775200
2007	13744200
2007	9508800
2007	10762800
2007	11937000
2007	14416400
2007	8947400
2007	15137800
2007	13398200
2007	11864000
2007	9956600
2007	10808600
2007	9331000
2007	12118600
2007	12737000
2007	10993000
2007	9551400
2007	8361000
2007	24412200
2007	31317400
2007	12573000
2007	14413800
2007	10643800
2007	8239600
2007	8153400
2007	9717200
2007	11509000
2007	8125200
2007	11397600
2007	8084800
2007	12354000
2007	8135200
2007	11281200
2007	11487800
2007	7765200
2007	7939800
2007	18625600
2007	16064600
2007	17370400
2007	13167200
2007	12710200
2007	15067400
2007	13068200
2007	10725600
2007	9955400
2007	6930800
2007	12754600
2007	16033800
2007	7888400
2007	11318200
2007	10395400
2007	6843000
2007	11596600
2007	11361400
2007	8222600
2007	9420600
2007	7482400
2007	9183200
2007	7977000
2007	6760400
2007	6897000
2007	13003600
2007	7557600
2007	5431600
2007	6124200
2007	5958600
2007	7624000
2007	5415800
2007	5589600
2007	10155800
2007	6420200
2007	11341000
2007	22019200
2007	24323000
2007	11349200
2007	7389400
2007	7933600
2007	8249800
2007	5851400
2007	7282400
2007	7316400
2007	6125400
2007	7188400
2007	7900000
2007	6040200
2007	5810200
2007	7779800
2007	7372600
2007	5888200
2007	7745400
2007	8238000
2007	13108400
2007	9321200
2007	7391800
2007	12318600
2007	7678000
2007	10120400
2007	8347200
2007	10697000
2007	10436000
2007	14491600
2007	17848600
2007	9598000
2007	14202000
2007	20894200
2007	15773400
2007	21261000
2007	12716400
2007	9295400
2007	12839000
2007	14068000
2007	9242400
2007	12348200
2007	9671800
2007	8710600
2007	8676400
2007	8819400
2007	14407400
2007	15850000
2007	11379000
2007	12246200
2007	8336800
2007	7761200
2007	6975200
2007	3743600
2007	9885800
2007	5494000
2007	7459600
2007	7712000
2007	6618600
2007	6883200
2007	10474200
2007	13199000
2007	8657200
2007	12160000
2007	22254400
2007	35544600
2007	12713400
2007	11144200
2007	11090000
2007	13766800
2007	11018200
2007	7926600
2007	8541000
2007	8843000
2007	6309800
2007	6352400
2007	7303000
2007	8528600
2007	8137600
2007	9693000
2007	11750400
2007	6358600
2007	7267400
2007	10819000
2007	17291200
2007	10958800
2007	5394600
2007	7221200
2007	6505400
2007	6153400
2007	4945400
2007	4650200
2007	6547800
2007	5098600
2007	5303400
2007	5955200
2007	7387400
2007	6625800
2007	7251800
2007	7327200
2007	6451600
2007	5407200
2007	5972000
2007	3782200
2007	5529800
2007	4395000
2007	8431400
2007	11053800
2007	11050000
2007	16023400
2007	10594000
2007	5461200
2007	6692200
2007	4112600
2007	5279000
2007	9422600
2007	14135000
2007	7759000
2007	5973400
2007	10137400
2007	10056000
2007	17535600
2007	10771200
2007	23598000
2007	13647400
2007	13887600
2007	12050600
2007	12061000
2007	24578400
2007	31578000
2007	13328800
2007	13587400
2007	14808400
2007	11591000
2007	6707800
2007	6132600
2007	13801200
2007	13753600
2007	13054400
2007	11683000
2007	17767400
2007	16872600
2007	16505800
2007	33024400
2007	22776200
2007	20454600
2007	16852200
2007	16189400
2007	13935400
2007	18085600
2007	11054800
2007	19681200
2007	14027000
2007	5477400
2007	13580200
2007	17809000
2007	15833000
2007	12416000
2007	15791000
2007	8650200
2007	8463600
2007	8419200
2007	9818000
2007	7704200
2007	7712400
2007	12278200
2007	12318200
2007	10081600
2007	7347000
2007	10972000
2007	14333400
2007	8842200
2007	8844400
2007	10764000
2007	3256800
2007	5060000
2007	5885000
2007	5125400
2007	4752400
2008	8613800
2008	6505000
2008	10719600
2008	12806800
2008	10678200
2008	13479400
2008	12668400
2008	9954000
2008	8895000
2008	11136400
2008	21120000
2008	16433600
2008	17079200
2008	19003000
2008	33931400
2008	18801800
2008	13932000
2008	11633400
2008	12566000
2008	15879200
2008	29742600
2008	35201000
2008	26314200
2008	22406600
2008	15272800
2008	15857800
2008	13657800
2008	11652000
2008	13324600
2008	13249400
2008	12953400
2008	10480200
2008	12700800
2008	13324400
2008	11355600
2008	11031800
2008	16745600
2008	46574600
2008	20243800
2008	13173800
2008	18850800
2008	15109000
2008	27243400
2008	14873200
2008	14940200
2008	16143600
2008	15975200
2008	17653800
2008	13303800
2008	15453200
2008	13148800
2008	15776400
2008	14474400
2008	12358000
2008	19826800
2008	13527000
2008	11663200
2008	10451400
2008	11664400
2008	8752400
2008	8892800
2008	12186200
2008	11998000
2008	13556800
2008	11794400
2008	11887000
2008	9094000
2008	12096200
2008	10144800
2008	8339400
2008	7685200
2008	9155200
2008	15261400
2008	26706000
2008	36471200
2008	14879400
2008	15877000
2008	9843000
2008	8270200
2008	8328800
2008	8017200
2008	8692000
2008	15806000
2008	13205600
2008	13997600
2008	12562000
2008	9258600
2008	13226000
2008	10245800
2008	8969800
2008	9727800
2008	10327000
2008	8751600
2008	8685400
2008	8548200
2008	11209000
2008	6627200
2008	12936200
2008	10152600
2008	8863000
2008	7731000
2008	8100800
2008	9690000
2008	6450400
2008	7348400
2008	8610600
2008	6726400
2008	7833400
2008	9469000
2008	10576600
2008	7314800
2008	7625800
2008	10983200
2008	12368800
2008	7085600
2008	6925800
2008	6762400
2008	11366200
2008	11966200
2008	7271800
2008	9345200
2008	8244400
2008	11319000
2008	10895000
2008	7530600
2008	9919800
2008	8446000
2008	4801000
2008	8510400
2008	9864800
2008	8308000
2008	8663400
2008	9962800
2008	8849600
2008	12142000
2008	9484400
2008	17574800
2008	22584800
2008	11803000
2008	9383000
2008	9788200
2008	7081800
2008	6367000
2008	6320000
2008	5605600
2008	6981400
2008	5730200
2008	6015800
2008	4974000
2008	7169000
2008	6751600
2008	5547600
2008	7478600
2008	8478600
2008	5511400
2008	7251000
2008	5837200
2008	7091400
2008	6667800
2008	6093000
2008	7964200
2008	7028200
2008	4594400
2008	4028600
2008	6616400
2008	8774200
2008	6059400
2008	7696400
2008	12223000
2008	8629200
2008	9697000
2008	9068600
2008	18035800
2008	14459200
2008	12453600
2008	12942800
2008	12056000
2008	13134800
2008	13981400
2008	18253800
2008	17178800
2008	20012000
2008	8814600
2008	10408400
2008	8484000
2008	10040600
2008	10585000
2008	21525800
2008	6172600
2008	12469600
2008	11969800
2008	15985800
2008	22441200
2008	22108800
2008	23652800
2008	16150000
2008	21195600
2008	17811000
2008	15569600
2008	13442800
2008	32479400
2008	28498400
2008	13506800
2008	11564000
2008	13120000
2008	12957800
2008	14718000
2008	12401400
2008	16210800
2008	19513200
2008	15977800
2008	14846600
2008	11909000
2008	14699800
2008	13893000
2008	17149600
2008	9362600
2008	16160200
2008	20293200
2008	20102200
2008	26469400
2008	19034200
2008	15087600
2008	16692200
2008	15669200
2008	19558800
2008	20489000
2008	20109400
2008	21542400
2008	12713200
2008	5131000
2008	11422400
2008	11679400
2008	11809600
2008	9773200
2008	13042400
2008	16288600
2008	13779800
2008	10474000
2008	12358400
2008	11444200
2008	13475800
2008	14119200
2008	11579400
2008	9527000
2008	11225200
2008	7835200
2008	7555400
2008	3843000
2008	3918200
2008	7403800
2008	7687000
2008	5773600
2009	7221000
2009	9778000
2009	12850400
2009	8989000
2009	7201400
2009	8681000
2009	6608600
2009	8865000
2009	10935800
2009	11869000
2009	10448800
2009	10096400
2009	9849000
2009	16534000
2009	21465600
2009	9221400
2009	9854600
2009	15382800
2009	14567600
2009	9344000
2009	10413800
2009	13113000
2009	13634800
2009	14528800
2009	14076200
2009	9954600
2009	14207400
2009	10463200
2009	11100600
2009	8293400
2009	11360800
2009	12049000
2009	9977400
2009	12434200
2009	10442200
2009	12191800
2009	12878200
2009	11211200
2009	10840000
2009	11577000
2009	13049600
2009	15636800
2009	13059800
2009	14468400
2009	12942600
2009	13460400
2009	11847200
2009	10048200
2009	7812800
2009	9893600
2009	9425000
2009	10024400
2009	8222400
2009	9475800
2009	8543000
2009	7640000
2009	8672600
2009	12006600
2009	6645600
2009	6188200
2009	7310600
2009	6602400
2009	8976000
2009	7579600
2009	6560600
2009	7360200
2009	5530400
2009	6765200
2009	6100200
2009	6857200
2009	9861400
2009	20370200
2009	21461600
2009	8857800
2009	7390800
2009	7003600
2009	5218000
2009	6770800
2009	4581200
2009	5887200
2009	7220000
2009	8711400
2009	4855400
2009	6406000
2009	4801600
2009	5265800
2009	5999600
2009	7730200
2009	5118600
2009	7581600
2009	5685600
2009	5874000
2009	6017400
2009	6703400
2009	5675000
2009	4568000
2009	5439600
2009	3437200
2009	6209000
2009	6068600
2009	5337600
2009	5296400
2009	6644800
2009	5247200
2009	7065600
2009	7276200
2009	7361600
2009	6197400
2009	6509800
2009	6717800
2009	5730400
2009	5836800
2009	7473800
2009	6099400
2009	6980200
2009	6170400
2009	8518200
2009	8248800
2009	5799200
2009	4915600
2009	6089000
2009	6513400
2009	4338600
2009	5187800
2009	4621600
2009	5035200
2009	4525200
2009	6518600
2009	6882400
2009	6551200
2009	5853200
2009	8091400
2009	5791600
2009	7554000
2009	13109000
2009	13708200
2009	6307000
2009	5936400
2009	5173400
2009	6956400
2009	7253800
2009	5008800
2009	5065000
2009	3974000
2009	6397200
2009	5720800
2009	5180600
2009	4779600
2009	4684000
2009	4221800
2009	5086200
2009	3484000
2009	3425000
2009	4682800
2009	3990400
2009	3350200
2009	5240400
2009	4702200
2009	4510000
2009	7997800
2009	7121000
2009	4906800
2009	4682000
2009	3975600
2009	3997800
2009	3543200
2009	3915800
2009	5189800
2009	3609600
2009	3292400
2009	2998400
2009	5313400
2009	4390800
2009	5069200
2009	3805800
2009	3951400
2009	4796200
2009	5170600
2009	8966200
2009	6567000
2009	4232800
2009	6082400
2009	5408400
2009	5055200
2009	4099200
2009	3678600
2009	4198400
2009	6283400
2009	5626400
2009	5201600
2009	4289200
2009	5464600
2009	9748400
2009	8607600
2009	5476200
2009	6644400
2009	6074800
2009	6516800
2009	12200800
2009	17683800
2009	6435800
2009	8087400
2009	7341200
2009	4673000
2009	4785400
2009	5940800
2009	6433000
2009	5135600
2009	5045200
2009	6937000
2009	6404200
2009	4760400
2009	4665400
2009	3695400
2009	3653400
2009	5299800
2009	4461600
2009	4639400
2009	3772600
2009	3333600
2009	4398400
2009	3833400
2009	3099200
2009	4336000
2009	4012400
2009	5095000
2009	3210400
2009	2922400
2009	2769200
2009	3450200
2009	4640600
2009	3326400
2009	2857400
2009	5027200
2009	3272400
2009	3048000
2009	3562000
2009	3336600
2009	3440000
2009	3826800
2009	4560800
2009	5618800
2009	5277600
2009	7063000
2009	5142400
2009	3761600
2009	4145400
2009	1717400
2009	3395800
2009	2849600
2009	2931200
2009	2439600
2010	3912400
2010	6009400
2010	7957400
2010	12828600
2010	9448600
2010	14425800
2010	9706600
2010	12993200
2010	8480200
2010	10869000
2010	8633400
2010	6501400
2010	12615400
2010	13600800
2010	8839800
2010	8711000
2010	7928800
2010	6458200
2010	8281000
2010	4501600
2010	8192400
2010	5998200
2010	6755400
2010	6312000
2010	5388600
2010	5639200
2010	5349000
2010	4820000
2010	4559400
2010	7308800
2010	4059400
2010	4673800
2010	5106200
2010	4289200
2010	5745200
2010	4653200
2010	6618400
2010	4098600
2010	4475800
2010	8713600
2010	6178800
2010	6367600
2010	7824400
2010	4772800
2010	6353200
2010	11309800
2010	8466600
2010	5506800
2010	9307800
2010	6863000
2010	6643200
2010	3554400
2010	9584800
2010	8009600
2010	11002600
2010	13130400
2010	7861800
2010	5392400
2010	6209000
2010	3955800
2010	6061600
2010	4205400
2010	3803000
2010	4120200
2010	5162000
2010	3895000
2010	4113200
2010	4704800
2010	7824600
2010	6805400
2010	13523600
2010	24471000
2010	7788000
2010	5954800
2010	4783000
2010	6561400
2010	4178800
2010	8737600
2010	7689400
2010	6812200
2010	6117800
2010	4870800
2010	3715600
2010	12152600
2010	9133800
2010	9973200
2010	10178000
2010	8256000
2010	6645200
2010	7703600
2010	6651600
2010	8232000
2010	5587600
2010	5651000
2010	6891400
2010	9826600
2010	19381600
2010	8691200
2010	6034800
2010	6951200
2010	5618200
2010	5789600
2010	5333600
2010	5035800
2010	7301400
2010	7840600
2010	7265400
2010	5346800
2010	5458000
2010	5155800
2010	3563400
2010	4080800
2010	8519200
2010	4578600
2010	3954600
2010	5745800
2010	5967000
2010	4439400
2010	4058200
2010	3787200
2010	4490400
2010	3524600
2010	7004200
2010	7206400
2010	7027200
2010	3872000
2010	5120200
2010	6259400
2010	5337800
2010	8663000
2010	6668800
2010	7952600
2010	6236000
2010	9690200
2010	15649600
2010	9100600
2010	8109000
2010	6559200
2010	4295400
2010	0
2010	3990400
2010	4902400
2010	4945342
2010	5062382
2010	3933554
2010	3725800
2010	3606170
2010	7627440
2010	4840772
2010	6501710
2010	3742872
2010	4147714
2010	4398726
2010	4348816
2010	3758662
2010	2612374
2010	3754146
2010	5344014
2010	7849206
2010	7652916
2010	5942780
2010	5509902
2010	5184008
2010	3558222
2010	4497940
2010	2468170
2010	3893596
2010	6454834
2010	3370768
2010	4888292
2010	3420918
2010	4817656
2010	4870598
2010	3852694
2010	4481818
2010	4433410
2010	4807090
2010	3944786
2010	9658286
2010	8826194
2010	8933548
2010	5075558
2010	4634974
2010	6475698
2010	6208120
2010	7309342
2010	4347756
2010	6488930
2010	4315656
2010	3880588
2010	7008124
2010	5533380
2010	4795540
2010	5570804
2010	5260476
2010	7506772
2010	6114726
2010	13242046
2010	27449420
2010	14207666
2010	9176128
2010	7053552
2010	5841014
2010	4289922
2010	6316998
2010	5026014
2010	4479214
2010	4369138
2010	4415438
2010	6176834
2010	3998024
2010	6760366
2010	7142346
2010	3421530
2010	4199810
2010	4479152
2010	4997976
2010	4523212
2010	6141338
2010	6960040
2010	6609576
2010	4871104
2010	5174570
2010	4470794
2010	4369110
2010	4333402
2010	4800124
2010	2534244
2010	5719306
2010	14231546
2010	7514378
2010	5100646
2010	4624092
2010	4189966
2010	6086140
2010	3514252
2010	3737744
2010	3339560
2010	4802556
2010	3286506
2010	4336062
2010	3193640
2010	4452734
2010	3943804
2010	3762976
2010	2415010
2010	2222384
2010	2416256
2010	2129492
2010	2039436
2010	1978958
2010	2668366
2011	4728234
2011	3648998
2011	5039944
2011	4115466
2011	3791264
2011	3160960
2011	2881982
2011	3265396
2011	2667894
2011	4184824
2011	7236378
2011	6819152
2011	10949042
2011	16072962
2011	9191766
2011	7294288
2011	4081938
2011	4038854
2011	7734144
2011	5618938
2011	5485094
2011	3521310
2011	2994948
2011	2698018
2011	3603616
2011	3389942
2011	3683298
2011	4672234
2011	4869498
2011	4263258
2011	4183828
2011	3373926
2011	2957406
2011	5423978
2011	7283132
2011	5783756
2011	5423754
2011	3864760
2011	4567436
2011	6641320
2011	4053270
2011	3898270
2011	6022224
2011	6921476
2011	4573990
2011	4301982
2011	6257022
2011	6064002
2011	5627938
2011	8015962
2011	7601424
2011	5799188
2011	6604700
2011	6043514
2011	3774370
2011	3632328
2011	4195956
2011	5716156
2011	4433140
2011	3210276
2011	2844450
2011	3792418
2011	5226332
2011	4109434
2011	12095600
2011	5336570
2011	5062954
2011	3805162
2011	3716764
2011	4165036
2011	4140824
2011	10880068
2011	28092590
2011	10079812
2011	5370590
2011	6060800
2011	4918432
2011	3262066
2011	7070606
2011	4596946
2011	4068398
2011	8455634
2011	4267944
2011	4154602
2011	4232600
2011	3988778
2011	4112372
2011	3897238
2011	4082710
2011	4670852
2011	2892942
2011	4208550
2011	5916308
2011	6608948
2011	3908586
2011	4938672
2011	3755860
2011	4505276
2011	3777076
2011	2603134
2011	4237418
2011	3492006
2011	5374620
2011	5904560
2011	4408844
2011	3471724
2011	3884176
2011	3815018
2011	3304324
2011	3378172
2011	4858400
2011	4854416
2011	4682922
2011	4145378
2011	5514032
2011	10405978
2011	6057278
2011	5530714
2011	4815744
2011	9604604
2011	7606402
2011	6889266
2011	5433728
2011	4685840
2011	4856640
2011	7273284
2011	7699102
2011	5391162
2011	7195636
2011	9540140
2011	5664054
2011	5682298
2011	5577542
2011	13228862
2011	27469004
2011	8938074
2011	5918434
2011	4456992
2011	6939100
2011	7061542
2011	6263904
2011	4686340
2011	7868782
2011	6217830
2011	8275002
2011	7933236
2011	6402406
2011	7651420
2011	9787000
2011	10143702
2011	14986986
2011	12939860
2011	10744528
2011	9663438
2011	6310502
2011	10997384
2011	13879096
2011	8110602
2011	12581336
2011	10820114
2011	9814130
2011	8677626
2011	7194188
2011	6574480
2011	7180700
2011	4674128
2011	5978152
2011	5386580
2011	4830970
2011	2990054
2011	5431954
2011	5514240
2011	4761650
2011	6537738
2011	5340942
2011	4708300
2011	5388678
2011	5923934
2011	7069358
2011	3895032
2011	5558156
2011	5031086
2011	8801172
2011	5555740
2011	5268468
2011	6021850
2011	4526806
2011	5813362
2011	5448282
2011	8947526
2011	8318060
2011	9068704
2011	6849046
2011	3842814
2011	4644406
2011	5707154
2011	6355818
2011	11333528
2011	17061086
2011	8016604
2011	7601594
2011	5862908
2011	6757938
2011	6784916
2011	6853676
2011	5080890
2011	5746080
2011	7560444
2011	5015894
2011	5115476
2011	6250398
2011	4243798
2011	5339490
2011	5670758
2011	6717334
2011	6055316
2011	7421344
2011	5736922
2011	7954040
2011	6377254
2011	5351922
2011	5217360
2011	6986554
2011	6575236
2011	6002432
2011	4810560
2011	4651772
2011	2844964
2011	5657734
2011	3663438
2011	6358134
2011	7241188
2011	8171358
2011	6395452
2011	4652836
2011	4515500
2011	4828000
2011	5536356
2011	4369468
2011	8056944
2011	7807964
2011	4818770
2011	8918808
2011	4287178
2011	4776368
2011	4996108
2011	3647822
2011	2907446
2011	3212904
2011	4254260
2011	3150990
2011	3565718
2012	7354300
2012	5727960
2012	6565632
2012	5386198
2012	11646536
2012	8791030
2012	4800520
2012	3750262
2012	4614476
2012	3818588
2012	5526160
2012	12585752
2012	21152304
2012	6825800
2012	6112276
2012	9036510
2012	6452296
2012	7234864
2012	4661496
2012	4284632
2012	4641300
2012	4829344
2012	6337746
2012	7359050
2012	4184070
2012	3671986
2012	4529980
2012	4650886
2012	3632518
2012	3607502
2012	4852720
2012	5061722
2012	4898058
2012	4961478
2012	3933970
2012	4109860
2012	3873948
2012	3629036
2012	5695394
2012	6273674
2012	4475420
2012	3146428
2012	3186500
2012	6348632
2012	1712510
2012	2690856
2012	5341022
2012	3338752
2012	4494708
2012	5873714
2012	4870680
2012	6100914
2012	4345942
2012	3081556
2012	4939274
2012	4820640
2012	3880670
2012	3639244
2012	4017608
2012	5077616
2012	3848430
2012	4621490
2012	4568276
2012	4089714
2012	3256344
2012	4638824
2012	3881698
2012	4969756
2012	4398678
2012	11478316
2012	16322624
2012	11384722
2012	6048028
2012	5340760
2012	6589704
2012	6116722
2012	4395466
2012	3858574
2012	3642084
2012	4186248
2012	3272798
2012	5330300
2012	4004848
2012	3222868
2012	3736374
2012	4414720
2012	4094694
2012	5354824
2012	4658692
2012	3108042
2012	4315456
2012	4001384
2012	4204078
2012	9833706
2012	5432556
2012	11947160
2012	6297872
2012	6103666
2012	6345352
2012	3144342
2012	7164240
2012	5211780
2012	3813258
2012	5936460
2012	6116628
2012	4865272
2012	4680354
2012	3583352
2012	3515394
2012	2820732
2012	5323134
2012	6448284
2012	3909014
2012	4689614
2012	6003634
2012	4993728
2012	4152858
2012	4693396
2012	4022444
2012	4457290
2012	2940364
2012	2702302
2012	3382692
2012	3841540
2012	5044424
2012	3310926
2012	2381050
2012	4691802
2012	4323436
2012	3430040
2012	3846030
2012	6998644
2012	4620188
2012	3952480
2012	2925600
2012	3362936
2012	3099700
2012	9328402
2012	12927496
2012	7123236
2012	4019298
2012	3645946
2012	3372330
2012	7099348
2012	4373214
2012	3731780
2012	3689112
2012	3955380
2012	3794556
2012	3564788
2012	3965190
2012	2644372
2012	2140576
2012	2868816
2012	6535342
2012	7323756
2012	4821360
2012	3435382
2012	4355792
2012	3516012
2012	4443410
2012	3818524
2012	3568306
2012	2856580
2012	5227214
2012	4117076
2012	5981474
2012	3254238
2012	4254250
2012	3779026
2012	3416338
2012	6088700
2012	6470456
2012	5120134
2012	3747808
2012	5284520
2012	5317960
2012	5236948
2012	3016600
2012	4133498
2012	6197564
2012	5814708
2012	12718064
2012	7127874
2012	12118866
2012	11345970
2012	7863030
2012	5567380
2012	6336954
2012	5580550
2012	4417278
2012	4908492
2012	5471882
2012	3917050
2012	6007168
2012	4081906
2012	4767574
2012	4813174
2012	6039196
2012	4116336
2012	4585638
2012	24862704
2012	22964520
2012	8113870
2012	5833956
2012	4992822
2012	4805144
2012	3901530
2012	3074002
2012	4100942
2012	4649138
2012	3271788
2012	3165872
2012	4464676
2012	5193880
2012	6228168
2012	2811740
2012	3188298
2012	3336644
2012	3697678
2012	6877000
2012	4736208
2012	4177572
2012	4224272
2012	1844954
2012	4410654
2012	5017856
2012	6083880
2012	5556028
2012	6328288
2012	4385696
2012	3983210
2012	3724670
2012	2924432
2012	3838952
2012	2733532
2012	5374216
2012	4851998
2012	6892412
2012	4260990
2012	6071246
2012	6010076
2012	3839398
2012	3313906
2012	7052598
2012	1683862
2012	2364634
2012	3294784
2012	2803852
2012	3994608
2013	5083536
2013	4636280
2013	5527104
2013	3311534
2013	3352074
2013	4051302
2013	3671560
2013	2570250
2013	5727612
2013	7855980
2013	4049078
2013	4424388
2013	6453796
2013	7568526
2013	11820790
2013	6766592
2013	4451622
2013	3254266
2013	3494696
2013	3465944
2013	3268654
2013	7492130
2013	6082284
2013	3741432
2013	4157774
2013	5680212
2013	6044730
2013	4335112
2013	3717890
2013	2396340
2013	3470438
2013	5459434
2013	5865648
2013	5529102
2013	7015872
2013	4108100
2013	4613578
2013	4408138
2013	4052802
2013	4531448
2013	4350850
2013	5551370
2013	8088468
2013	5746896
2013	4107076
2013	5823866
2013	3191356
2013	4017958
2013	3282800
2013	3302222
2013	6199582
2013	3677104
2013	4196352
2013	2928244
2013	2955180
2013	2983356
2013	3425368
2013	2383824
2013	4326590
2013	4575424
2013	3614560
2013	4083152
2013	3477106
2013	4896004
2013	6867788
2013	5664636
2013	4314676
2013	3957524
2013	4057532
2013	3273258
2013	4908034
2013	3483948
2013	4073956
2013	6650796
2013	11607522
2013	5766814
2013	4586600
2013	3658302
2013	3984602
2013	4975274
2013	4603268
2013	4846880
2013	2952846
2013	4036892
2013	5127662
2013	4283668
2013	3935972
2013	4936406
2013	4401116
2013	3796358
2013	2897060
2013	3161192
2013	7982314
2013	6420150
2013	5583806
2013	4545390
2013	3966770
2013	5122588
2013	4558494
2013	4593520
2013	4514820
2013	4028292
2013	4241574
2013	3939114
2013	4953592
2013	3800466
2013	4213882
2013	5158810
2013	5349138
2013	4675906
2013	3515176
2013	4409498
2013	4141558
2013	4489942
2013	4293076
2013	4334116
2013	5833684
2013	6753112
2013	7964428
2013	6033924
2013	5106778
2013	3662856
2013	3853108
2013	4698898
2013	3451560
2013	3783424
2013	2097256
2013	3403660
2013	3938900
2013	3958276
2013	3430346
2013	5168708
2013	5137214
2013	3922722
2013	3966854
2013	3012136
2013	7250318
2013	14719174
2013	5806400
2013	4091964
2013	4158756
2013	6007316
2013	3556088
2013	3785284
2013	3512232
2013	4346892
2013	4275444
2013	3435330
2013	2619842
2013	3012950
2013	2759488
2013	2976090
2013	2647522
2013	2754708
2013	2840524
2013	4165356
2013	3741624
2013	3350774
2013	3622650
2013	2472518
2013	3519992
2013	1740982
2013	2153986
2013	2112368
2013	3467668
2013	2660016
2013	2955088
2013	3721814
2013	4095272
2013	4083066
2013	2585202
2013	3123510
2013	2469928
2013	2575472
2013	3221354
2013	2190930
2013	2652572
2013	2682422
2013	2520314
2013	3871422
2013	3196402
2013	8695586
2013	3556156
2013	2942166
2013	3308000
2013	2519800
2013	2517600
2013	3447520
2013	3370166
2013	2990668
2013	4237800
2013	2716000
2013	2588034
2013	3890386
2013	5305796
2013	4516000
2013	2817400
2013	2487000
2013	3189080
2013	4023572
2013	8436222
2013	23164614
2013	7265572
2013	4420764
2013	5332000
2013	4184400
2013	4061518
2013	2332760
2013	3216484
2013	2653078
2013	3280070
2013	2567800
2013	2277600
2013	2362746
2013	1829200
2013	3359400
2013	2588200
2013	2225500
2013	2437800
2013	3162360
2013	2336876
2013	2552400
2013	3520372
2013	2260900
2013	1930870
2013	2184984
2013	2508400
2013	3226000
2013	4574000
2013	2247000
2013	2385546
2013	2750000
2013	3354000
2013	2384184
2013	2269400
2013	2859000
2013	2965354
2013	3708578
2013	3420232
2013	3192400
2013	4327410
2013	3207082
2013	3074952
2013	4421720
2013	3331478
2013	6526236
2013	3443430
2013	1468340
2013	2675618
2013	3139804
2013	2471800
2013	2715912
2014	3645230
2014	3335424
2014	3540906
2014	5107226
2014	4485344
2014	4170322
2014	4289366
2014	4847254
2014	4967222
2014	3901450
2014	3368142
2014	5532000
2014	3961868
2014	3145666
2014	3901870
2014	7845950
2014	8721648
2014	4430356
2014	4799042
2014	10264930
2014	11137888
2014	9149058
2014	5629258
2014	4795568
2014	3894672
2014	5374156
2014	3890950
2014	4103224
2014	3451056
2014	3673428
2014	4387980
2014	4218462
2014	4210608
2014	3402216
2014	3724902
2014	3350292
2014	2887766
2014	3966630
2014	2520182
2014	4628688
2014	4213574
2014	2941920
2014	2471864
2014	2538758
2014	3030580
2014	2430886
2014	3430846
2014	3933854
2014	4691282
2014	4603570
2014	4333094
2014	3643212
2014	3225558
2014	3369950
2014	6421280
2014	6078302
2014	4826090
2014	5160046
2014	7653360
2014	4517836
2014	3882892
2014	4364680
2014	4176714
2014	5085676
2014	6350869
2014	3952384
2014	3487557
2014	3033286
2014	3296494
2014	3175047
2014	2541217
2014	3999390
2014	4583800
2014	5615081
2014	2425068
2014	2331111
2014	1958526
2014	2069235
2014	2371746
2014	3752291
2014	2535424
2014	2038450
2014	2004335
2014	1780869
2014	1228622
2014	1835081
2014	3074269
2014	2452021
2014	2261298
2014	1948655
2014	2011903
2014	1281068
2014	1832994
2014	1907713
2014	1977840
2014	2425272
2014	1564721
2014	2149668
2014	2672589
2014	2191705
2014	1581558
2014	1411198
2014	1871700
2014	1663338
2014	2031635
2014	1729183
2014	1796197
2014	1740834
2014	1529355
2014	1485090
2014	1129093
2014	1548865
2014	1353333
2014	1971737
2014	1481664
2014	2060580
2014	2630439
2014	3161111
2014	1723748
2014	2844295
2014	2114663
2014	2012285
2014	2021886
2014	1478942
2014	1644408
2014	1197000
2014	898852
2014	1337083
2014	2129564
2014	1372862
2014	1436226
2014	1514260
2014	1954577
2014	1673865
2014	1441922
2014	2939534
2014	4874109
2014	2239826
2014	1881615
2014	1106110
2014	1355924
2014	1361911
2014	1358071
2014	1366670
2014	1215396
2014	2310142
2014	2213277
2014	1524223
2014	1651266
2014	1322800
2014	1163017
2014	1495020
2014	1203350
2014	1394909
2014	1903190
2014	1272879
2014	1725258
2014	1470550
2014	1044937
2014	967255
2014	1133593
2014	877431
2014	1297726
2014	1471858
2014	1367306
2014	1405950
2014	1206684
2014	1584896
2014	1579136
2014	1634552
2014	1799670
2014	1601156
2014	1573534
2014	1160167
2014	1501411
2014	1851668
2014	1550058
2014	1581286
2014	1720618
2014	1494459
2014	4191846
2014	1785076
2014	1403936
2014	1760753
2014	1675424
2014	1289090
2014	1144899
2014	1571676
2014	1449517
2014	1536820
2014	1214591
2014	1286130
2014	1545809
2014	2210140
2014	2413336
2014	2979252
2014	2756241
2014	2609937
2014	3836172
2014	3801758
2014	5998587
2014	2749550
2014	2460130
2014	2974518
2014	2153517
2014	2175701
2014	1598409
2014	1739666
2014	2053355
2014	1612469
2014	2341539
2014	1544108
2014	1386359
2014	1645254
2014	1650149
2014	1589093
2014	1304481
2014	1100179
2014	1094100
2014	1510244
2014	1425013
2014	1680566
2014	1822070
2014	1517186
2014	1750478
2014	2505988
2014	1653768
2014	1903589
2014	1480226
2014	1210061
2014	1994398
2014	2073950
2014	1623977
2014	1633465
2014	3068739
2014	3231801
2014	2168813
2014	2316135
2014	2072980
2014	2370772
2014	2621877
2014	4343244
2014	3639373
2014	3876694
2014	4872059
2014	3319461
2014	2877208
2014	737848
2014	1113464
2014	2218603
2014	1048211
2014	1235995
2015	1327665
2015	2057089
2015	2731728
2015	2345823
2015	3662169
2015	2099862
2015	2856938
2015	3050295
2015	2639959
2015	2556662
2015	2482858
2015	3556834
2015	3794259
2015	5221237
2015	5096425
2015	1546563
2015	1957040
2015	1853819
2015	3945207
2015	6055321
2015	3768534
2015	2353086
2015	1694780
2015	1658742
2015	2146920
2015	1515272
2015	2371158
2015	1915336
2015	2429520
2015	2368806
2015	1958669
2015	1558153
2015	1541669
2015	1911726
2015	1644826
2015	1421363
2015	2041625
2015	2700999
2015	3416445
2015	2520300
2015	2526200
2015	1898100
2015	1795800
2015	1879600
2015	1174200
2015	2004000
2015	2026100
2015	1781263
2015	1771300
2015	1842700
2015	1444500
2015	1766200
2015	1232900
2015	2216000
2015	1511600
2015	3957800
2015	2653400
2015	2492100
2015	1727600
2015	1239300
2015	1746622
2015	1945000
2015	2388000
2015	1685800
2015	1365906
2015	1419300
2015	1617895
2015	1305200
2015	1466200
2015	2360300
2015	2346233
2015	1586088
2015	2461600
2015	1926063
2015	1456387
2015	1589784
2015	3909100
2015	4608403
2015	2403100
2015	1859787
2015	1681000
2015	2362000
2015	1828500
2015	1762900
2015	1426400
2015	1951654
2015	1590003
2015	1411200
2015	1092900
2015	1764123
2015	1211920
2015	1586800
2015	1671955
2015	1334686
2015	2356274
2015	1541962
2015	1708500
2015	1213200
2015	1866724
2015	1742200
2015	1177318
2015	2172200
2015	1660500
2015	1592808
2015	1335400
2015	1343300
2015	1219800
2015	1366800
2015	1500641
2015	1515775
2015	1293535
2015	1272100
2015	1357400
2015	1626300
2015	1222000
2015	2059600
2015	2964400
2015	1737500
2015	1569808
2015	1446100
2015	1335200
2015	2183700
2015	1887800
2015	1725464
2015	1537900
2015	1406200
2015	1280600
2015	1679700
2015	1383000
2015	1488300
2015	2171700
2015	2089600
2015	3741482
2015	2072687
2015	5632000
2015	12858100
2015	5121700
2015	3780200
2015	4154900
2015	3811500
2015	4131100
2015	2919100
2015	1718100
2015	1837805
2015	1980300
2015	1746000
2015	1567407
2015	1309400
2015	1822300
2015	2032619
2015	1377100
2015	1722900
2015	5492265
2015	2932300
2015	1817700
2015	1379800
2015	1233900
2015	1385500
2015	2509600
2015	2889800
2015	4593900
2015	6489284
2015	3571400
2015	4386900
2015	2948700
2015	1941800
2015	1946800
2015	2572800
2015	1881400
2015	1728500
2015	2024900
2015	1954600
2015	2048900
2015	1392329
2015	1744600
2015	1497600
2015	1777300
2015	1312500
2015	2387605
2015	3627200
2015	1954600
2015	2718000
2015	1457995
2015	1934252
2015	2423900
2015	2382276
2015	2106400
2015	2647600
2015	2125300
2015	2439400
2015	1897962
2015	2157400
2015	2217672
2015	1965300
2015	1605800
2015	1334210
2015	2122300
2015	1564500
2015	2357800
2015	1815700
2015	1508585
2015	2621719
2015	1608400
2015	4431500
2015	6336300
2015	2438800
2015	1938900
2015	1980100
2015	1825900
2015	1999100
2015	1995421
2015	1815300
2015	2091692
2015	2274300
2015	1677100
2015	1776691
2015	1489900
2015	2095900
2015	1772500
2015	2409300
2015	2535100
2015	1943100
2015	1813300
2015	1403900
2015	2773900
2015	1732400
2015	2393900
2015	1180600
2015	722300
2015	1679300
2015	2019854
2015	2335128
2015	2097414
2015	2489900
2015	1831200
2015	1554121
2015	2327400
2015	1622900
2015	2159100
2015	2707054
2015	2469300
2015	2656000
2015	1825500
2015	3389700
2015	1742300
2015	1816845
2015	1529700
2015	521141
2015	1557755
2015	1921480
2015	966071
2015	1156683
2016	3136370
2016	1593922
2016	1669043
2016	2398365
2016	2140062
2016	2544806
2016	1911412
2016	1803658
2016	1913161
2016	2669265
2016	2436200
2016	2823126
2016	1650432
2016	2116387
2016	1414539
2016	1051052
2016	1463458
2016	2215463
2016	3076447
2016	2847761
2016	5012170
2016	6470102
2016	4559117
2016	4899942
2016	3770157
2016	3812464
2016	2307315
2016	2908667
2016	2057685
2016	1591885
2016	1773421
2016	1646844
2016	1624659
2016	1335630
2016	1488277
2016	1228498
2016	1291634
2016	1527060
2016	1517399
2016	2072629
2016	1260100
2016	1381727
2016	2318174
2016	2533911
2016	2159235
2016	1349753
2016	2230811
2016	1195783
2016	1641189
2016	1491578
2016	1465285
2016	2228244
2016	2811518
2016	1438658
2016	1104784
2016	1233854
2016	1555844
2016	740384
2016	1711797
2016	1486317
2016	1050236
2016	1416162
2016	1050593
2016	853957
2016	1159698
2016	812367
2016	873959
2016	1137504
2016	963086
2016	1328029
2016	968191
2016	1097079
2016	1149432
2016	1520761
2016	1193218
2016	1706634
2016	6483860
2016	2181262
2016	1953360
2016	2874020
2016	2130468
2016	2300607
2016	1137134
2016	1772660
2016	1049889
2016	999371
2016	1331718
2016	1742825
2016	1154428
2016	1007524
2016	881204
2016	817350
2016	716115
2016	896305
2016	1080783
2016	987401
2016	1192640
2016	862019
2016	1284374
2016	1097215
2016	885271
2016	1052280
2016	1409086
2016	657176
2016	1216028
2016	785846
2016	1019217
2016	816020
2016	1097087
2016	619331
2016	1242152
2016	746805
2016	877264
2016	731766
2016	1526198
2016	3032604
2016	1252499
2016	1189348
2016	1017797
2016	1383055
2016	3080403
2016	2272956
2016	1296280
2016	1959098
2016	1466713
2016	1073539
2016	1249075
2016	913725
2016	641397
2016	1046404
2016	1023465
2016	838323
2016	669129
2016	621134
2016	1194328
2016	1791369
2016	1067412
2016	925522
2016	633910
2016	709559
2016	835240
2016	805819
2016	1040055
2016	1838822
2016	4289471
2016	2501792
2016	1405224
2016	898737
2016	754030
2016	1164903
2016	875466
2016	1005271
2016	826567
2016	859039
2016	747085
2016	631110
2016	687572
2016	725687
2016	749900
2016	843552
2016	593051
2016	789996
2016	891143
2016	901452
2016	1114144
2016	663083
2016	955422
2016	746236
2016	926921
2016	937767
2016	1761223
2016	814013
2016	740019
2016	1537285
2016	1122909
2016	1196161
2016	812157
2016	1260656
2016	1539604
2016	808885
2016	655585
2016	1213343
2016	1630082
2016	1131451
2016	896005
2016	933905
2016	1335562
2016	954474
2016	1160211
2016	1057999
2016	1046065
2016	829577
2016	797349
2016	1078276
2016	1227178
2016	1198268
2016	727608
2016	1161132
2016	788823
2016	713684
2016	1545025
2016	1203233
2016	896565
2016	1385347
2016	1405846
2016	1847174
2016	1740045
2016	2232349
2016	4281532
2016	2242679
2016	2355890
2016	2350736
2016	2175216
2016	1970603
2016	1942158
2016	1626451
2016	3058501
2016	5797287
2016	3561454
2016	3688274
2016	2943889
2016	1783011
2016	1492586
2016	1757772
2016	1467404
2016	1378598
2016	1287328
2016	539476
2016	2370636
2016	1507400
2016	2156344
2016	2815292
2016	1669414
2016	1649907
2016	1676466
2016	1979203
2016	1459398
2016	1831378
2016	1408307
2016	2051605
2016	1665379
2016	1691066
2016	2224413
2016	1107106
2016	1206078
2016	1437576
2016	1096775
2016	750685
2016	946336
2016	1159794
2016	998255
2016	1735879
2017	1932677
2017	1486687
2017	1305062
2017	1975843
2017	1365344
2017	1111682
2017	1218093
2017	1265674
2017	1096855
2017	1201317
2017	962010
2017	1055419
2017	1226948
2017	2419971
2017	1647113
2017	1617190
2017	2611784
2017	3711874
2017	3431441
2017	1955733
2017	2198896
2017	1606867
2017	1528095
2017	1250713
2017	1624190
2017	1207180
2017	1163466
2017	1392663
2017	1224882
2017	980912
2017	1303154
2017	920812
2017	1406688
2017	1178472
2017	1193139
2017	1261077
2017	1308260
2017	981246
2017	1273713
2017	1653965
2017	1217226
2017	995060
2017	1011938
2017	977095
2017	995611
2017	1240728
2017	1296760
2017	1166605
2017	1061692
2017	1332885
2017	1104452
2017	1683901
2017	1542199
2017	2537978
2017	1366749
2017	3287669
2017	1976958
2017	1875590
2017	1476606
2017	1382043
2017	916623
2017	1320899
2017	1969402
2017	1329060
2017	1767000
2017	1314898
2017	1111610
2017	954094
2017	974343
2017	1015796
2017	1025516
2017	1004913
2017	927771
2017	1042384
2017	1062506
2017	1082611
2017	1692394
2017	2033438
2017	1321206
2017	2308819
2017	3845857
2017	2326641
2017	1749433
2017	1822217
2017	1938006
2017	1615548
2017	1875309
2017	1686772
2017	1145873
2017	1031014
2017	1214614
2017	1332067
2017	1099932
2017	2447018
2017	1800465
2017	1359792
2017	1384909
2017	1544933
2017	1137885
2017	1952832
2017	1632239
2017	1516553
2017	1725758
2017	1305190
2017	1734163
2017	1377960
2017	1550832
2017	1372300
2017	1681411
2017	3643062
2017	4197445
2017	2004195
2017	1499807
2017	2369353
2017	2545952
2017	1466053
2017	1297019
2017	1161607
2017	1000838
2017	1547284
2017	1516720
2017	2441836
2017	2738995
2017	3203356
2017	2285012
2017	1694811
2017	2091689
2017	2013951
2017	1629306
2017	1443510
2017	1460601
2017	1599965
2017	1523376
2017	1076978
2017	1655892
2017	1411850
2017	1400473
2017	1416054
2017	1461598
2017	3915107
2017	5930130
2017	2212665
2017	3711840
2017	1813719
2017	2290902
2017	1327222
2017	2038340
2017	1123379
2017	1254336
2017	1444189
2017	1500178
2017	1398227
2017	2704565
2017	1616328
2017	1149629
2017	1103692
2017	1343392
2017	1673886
2017	1335610
2017	1299899
2017	1759686
2017	1133117
2017	1294108
2017	1184593
2017	1045711
2017	1158366
2017	1119470
2017	1692147
2017	1042686
2017	1458691
2017	1391215
2017	1116276
2017	999783
2017	1336245
2017	1283993
2017	1094735
2017	1424671
2017	1956570
2017	1456222
2017	1232338
2017	1923014
2017	1349131
2017	1074282
2017	1870439
2017	1671401
2017	2332319
2017	1400404
2017	2029793
2017	1536653
2017	1083848
2017	1056271
2017	1779670
2017	1552207
2017	1295006
2017	1163333
2017	1813213
2017	1540349
2017	1327162
2017	1069362
2017	1006933
2017	1278730
2017	1682649
2017	1605182
2017	1637726
2017	1438933
2017	1398280
2017	2355336
2017	5182877
2017	2340172
2017	1516278
2017	2163073
2017	1334697
2017	1388461
2017	913954
2017	1303832
2017	1214469
2017	1793994
2017	970498
